27,85
27,84
27,83
27,82
27,81
27,80
27,79
27,78
27,77
27,76
27,75
27,74
27,73
27,72
27,71
27,70
27,69
27,68
27,67
27,66
27,65
27,64
27,63
27,62
27,61
27,60
27,59
27,58
27,57
27,56
27,55
27,54
27,53
27,52
27,51
27,50
27,49
27,48
27,47
27,46
27,45
27,44
27,43
27,42
27,41
27,40
27,39
27,38
27,37
27,36
27,35
27,34
27,33
27,32
27,31
27,30
27,29
27,28
27,27
27,26
27,25
27,24
27,23
27,22
27,21
27,20
27,19
27,18
27,17
27,16
27,15
27,14
27,13
27,12
27,11
27,10
27,9
27,8
27,7
27,6
27,5
27,4
27,3
27,2
27,1
27,0
26,801
26,800
26,799
26,798
26,797
26,796
26,795
26,794
26,793
26,792
26,791
26,790
26,789
26,788
26,787
26,786
26,785
26,784
26,783
26,782
26,781
26,780
26,779
26,778
26,777
26,776
26,774
26,773
26,772
26,771
26,770
26,769
26,768
26,719
26,718
26,717
26,639
26,638
26,637
26,636
26,635
26,634
26,633
26,632
26,631
26,630
26,629
26,628
26,627
26,626
26,625
26,624
26,623
26,622
26,621
26,620
26,619
26,617
26,586
26,7
26,6
26,5
26,3
26,2
26,0
25,3
24,3
23,3
22,3
21,1462
21,32
21,31
21,30
21,29
21,28
21,27
21,26
21,25
21,24
21,23
21,22
21,21
21,20
21,19
21,18
21,17
21,16
21,15
21,13
21,12
21,3
20,3
19,1371
19,38
19,3
18,1614
18,36
18,35
18,34
18,33
18,32
18,31
18,30
18,29
18,28
18,27
18,26
18,25
18,24
18,23
18,22
18,21
18,20
18,19
18,18
18,17
18,16
18,15
18,14
18,12
18,11
18,3
17,3
16,3
15,3
14,3
13,3
12,3
11,3
10,3
9,3
8,3
7,3
5,9
5,8
5,7
5,6
5,5
5,4
5,3
5,2
5,0
4,3
3,2
2,2
1,2
0,52
0,51
0,9
27,86
27,87
27,89
27,90
27,92
27,93
27,95
27,97
27,98
27,100
27,101
27,103
27,105
27,106
27,108
27,109
27,111
27,112
27,114
27,116
27,117
27,119
27,120
27,122
27,124
27,125
27,127
27,128
27,130
27,131
27,133
27,135
27,136
27,138
27,139
27,141
27,143
27,144
27,146
27,147
27,149
27,150
27,152
27,154
27,155
27,157
27,158
27,160
27,162
27,163
27,165
27,166
27,168
27,170
27,171
27,173
27,174
27,192
27,256
27,258
27,260
27,261
27,263
27,265
27,267
27,269
27,270
27,272
27,273
27,275
27,276
27,278
27,280
27,281
27,283
27,284
27,286
27,288
27,289
27,291
27,292
27,294
27,320
27,322
27,324
27,325
27,327
27,328
27,330
27,332
27,333
27,335
27,336
27,338
27,340
27,384
27,386
27,387
27,389
27,390
28,1
28,3
28,4
28,6
28,7
28,9
28,11
28,12
29,1
29,2
29,4
30,0
30,2
30,4
30,5
30,7
30,8
30,10
30,12
30,13
30,15
30,16
30,18
31,0
31,2
31,4
31,5
32,1
32,2
32,4
32,6
33,0
33,2
33,3
33,5
33,6
34,1
34,3
35,0
35,2
35,3
36,1
36,3
36,4
36,6
37,0
37,2
37,4
38,0
38,2
38,3
38,4
38,1
37,3
37,1
36,5
36,2
36,0
35,1
34,2
34,0
33,4
33,1
32,5
32,3
32,0
31,3
31,1
30,17
30,14
30,11
30,9
30,6
30,3
30,1
29,3
29,0
28,10
28,8
28,5
28,2
28,0
27,388
27,385
27,339
27,337
27,334
27,331
27,329
27,326
27,323
27,321
27,293
27,290
27,287
27,285
27,282
27,279
27,277
27,274
27,271
27,268
27,266
27,262
27,259
27,257
27,175
27,172
27,169
27,167
27,164
27,161
27,159
27,156
27,153
27,151
27,148
27,145
27,142
27,140
27,137
27,134
27,132
27,129
27,126
27,123
27,121
27,118
27,115
27,113
27,110
27,107
27,104
27,102
27,99
27,96
27,94
27,91
27,88
1,45
3,44
2,44
1,44
3,43
2,43
1,43
3,42
2,42
1,42
3,41
2,41
1,41
3,40
2,40
1,40
3,39
2,39
1,39
3,38
2,38
1,38
3,37
2,37
1,37
3,36
2,36
1,36
3,35
2,35
1,35
3,34
2,34
1,34
3,33
2,33
1,33
3,32
2,32
1,32
3,31
2,31
1,31
3,30
2,30
1,30
3,29
2,29
1,29
3,28
2,28
1,28
3,27
2,27
1,27
3,26
2,26
1,26
3,25
2,25
1,25
3,24
2,24
1,24
3,23
2,23
1,23
3,22
2,22
1,22
3,21
2,21
1,21
3,20
2,20
1,20
3,19
2,19
1,19
3,18
2,18
1,18
3,17
2,17
1,17
3,16
2,16
1,16
3,15
2,15
1,15
3,14
2,14
1,14
3,13
2,13
1,13
3,12
2,12
1,12
3,11
2,11
1,11
3,10
2,10
1,10
3,9
2,9
1,9
3,8
2,8
1,8
3,7
2,7
1,7
3,6
2,6
1,6
3,5
2,5
1,5
3,4
2,4
1,4
3,3
3,0
2,3
2,0
1,3
1,0
0,6
0,0
0,47
0,46
0,49
0,48
0,45
0,12
0,50
0,10
0,8
0,11
0,5
0,7
0,4
0,3
